1.000000000000000000e+02 -9.982819009387825012e+10
2.526315789473684106e+02 3.152027147508238770e+12
4.052631578947368212e+02 1.787977790586538281e+13
5.578947368421052033e+02 1.966805718644924609e+13
7.105263157894736423e+02 1.738952421426097461e+13
8.631578947368420813e+02 1.313378656496261133e+13
1.015789473684210407e+03 6.209665128503222656e+12
1.168421052631578959e+03 7.601632407538399414e+12
1.321052631578947285e+03 6.850335374062457031e+12
1.473684210526315610e+03 4.598371086163327148e+12
1.626315789473684163e+03 3.721856296516434570e+12
1.778947368421052488e+03 3.491699649587622070e+12
1.931578947368420813e+03 1.184426259769467285e+12
2.084210526315789139e+03 1.407920887129728516e+12
2.236842105263157919e+03 9.421665283539818115e+11
2.389473684210526244e+03 1.322750178014977539e+12
2.542105263157894569e+03 1.990064885568697266e+12
2.694736842105262895e+03 8.940594858456782227e+11
2.847368421052631220e+03 2.062954181509838867e+12
3.000000000000000000e+03 -1.979651859040541016e+12
