5.879950000000000045e+02 9.572277127283602693e-01
5.880152020202019685e+02 9.947917971934140402e-01
5.880354040404040461e+02 1.047902843154053576e+00
5.880556060606060100e+02 1.013338755194981511e+00
5.880758080808080877e+02 1.044889710103155345e+00
5.880960101010100516e+02 9.196136884232468667e-01
5.881162121212121292e+02 9.965538150126529438e-01
5.881364141414140931e+02 1.040509187203978225e+00
5.881566161616161708e+02 9.578511256500067406e-01
5.881768181818181347e+02 1.001592007623251845e+00
5.881970202020202123e+02 9.721403786938527247e-01
5.882172222222221762e+02 9.317736069180814207e-01
5.882374242424242539e+02 1.019053273108253332e+00
5.882576262626262178e+02 9.740525745651588130e-01
5.882778282828282954e+02 9.966377158450003826e-01
5.882980303030302593e+02 1.008588638487446953e+00
5.883182323232323370e+02 1.039078250398156378e+00
5.883384343434343009e+02 1.029620277482001356e+00
5.883586363636363785e+02 9.925750000243507287e-01
5.883788383838383425e+02 1.017403019936246045e+00
5.883990404040404201e+02 1.044286465808697217e+00
5.884192424242423840e+02 1.011329167419680930e+00
5.884394444444444616e+02 1.033296213323251944e+00
5.884596464646464256e+02 9.978894912160544139e-01
5.884798484848485032e+02 1.024073102354763121e+00
5.885000505050504671e+02 9.610793336532366116e-01
5.885202525252525447e+02 9.954422066007231340e-01
5.885404545454545087e+02 9.600986168081511174e-01
5.885606565656565863e+02 1.003551770496662110e+00
5.885808585858585502e+02 9.602776946641938816e-01
5.886010606060606278e+02 9.486976765496479835e-01
5.886212626262625918e+02 9.468550099287962318e-01
5.886414646464646694e+02 9.213286046844421096e-01
5.886616666666666333e+02 8.415861790526227848e-01
5.886818686868687109e+02 7.834200846085436210e-01
5.887020707070706749e+02 8.084045947591685932e-01
5.887222727272727525e+02 7.870328660454156688e-01
5.887424747474747164e+02 6.991614751610616407e-01
5.887626767676767940e+02 5.863915196133029362e-01
5.887828787878787580e+02 5.064666699640305580e-01
5.888030808080808356e+02 4.777944987501333562e-01
5.888232828282827995e+02 3.894475792540952885e-01
5.888434848484848771e+02 3.428829707997932408e-01
5.888636868686868411e+02 2.283556664373132539e-01
5.888838888888889187e+02 1.571453927870382905e-01
5.889040909090908826e+02 1.781571704908686549e-01
5.889242929292929603e+02 1.785764908624024594e-01
5.889444949494949242e+02 1.144861924000408621e-01
5.889646969696970018e+02 1.662045962729011561e-01
5.889848989898989657e+02 1.552013158281463912e-01
5.890051010101010434e+02 1.123849976864365607e-01
5.890253030303030073e+02 1.243624283472871683e-01
5.890455050505050849e+02 1.537508697704325911e-01
5.890657070707070488e+02 1.703596833135345712e-01
5.890859090909091265e+02 1.762071598376531989e-01
5.891061111111110904e+02 1.675356971485518209e-01
5.891263131313131680e+02 2.870808659094697401e-01
5.891465151515151319e+02 2.576788042305072635e-01
5.891667171717172096e+02 3.441327643527790081e-01
5.891869191919191735e+02 4.725209676486725185e-01
5.892071212121212511e+02 5.777015190097111175e-01
5.892273232323232151e+02 6.018917373470927812e-01
5.892475252525252927e+02 6.466197829309966449e-01
5.892677272727272566e+02 7.832217589319294682e-01
5.892879292929293342e+02 7.272424503132242091e-01
5.893081313131312982e+02 8.966315254182847250e-01
5.893283333333333758e+02 9.602668719051951074e-01
5.893485353535353397e+02 9.221529765329128381e-01
5.893687373737374173e+02 9.368259339411583175e-01
5.893889393939393813e+02 9.718896082817424231e-01
5.894091414141414589e+02 1.004798273409103881e+00
5.894293434343434228e+02 9.696418674716451580e-01
5.894495454545455004e+02 9.554814408812226656e-01
5.894697474747474644e+02 1.004879091601231789e+00
5.894899494949495420e+02 9.777193275910157633e-01
5.895101515151515059e+02 1.063685933475055467e+00
5.895303535353535835e+02 1.006945097899440311e+00
5.895505555555555475e+02 9.966287077911668568e-01
5.895707575757576251e+02 1.003907709862308373e+00
5.895909595959595890e+02 9.996716739327478063e-01
5.896111616161616666e+02 9.921665631205124347e-01
5.896313636363636306e+02 9.827820277361822843e-01
5.896515656565657082e+02 9.815313139908395934e-01
5.896717676767676721e+02 9.819478793174305498e-01
5.896919696969697497e+02 1.026032623510636066e+00
5.897121717171717137e+02 1.036156213885455424e+00
5.897323737373737913e+02 9.969471595891519211e-01
5.897525757575757552e+02 1.000042905472665833e+00
5.897727777777778329e+02 1.054830395440135682e+00
5.897929797979797968e+02 1.016818470771035043e+00
5.898131818181818744e+02 9.547158544201808095e-01
5.898333838383838383e+02 1.006495652863142576e+00
5.898535858585859160e+02 9.889640118568636673e-01
5.898737878787878799e+02 9.888336082003914562e-01
5.898939898989899575e+02 9.425743948896246893e-01
5.899141919191919214e+02 1.029270252505219974e+00
5.899343939393939991e+02 9.969231557275980427e-01
5.899545959595959630e+02 9.367630193354166135e-01
5.899747979797980406e+02 1.043388691451592631e+00
5.899950000000000045e+02 9.480905017372024401e-01
